-1 5.30415
-0.95 4.43707
-0.9 3.66378
-0.85 2.97629
-0.8 2.36712
-0.75 1.82935
-0.7 1.35652
-0.65 0.942651
-0.6 0.582189
-0.55 0.27
-0.5 0.00133967
-0.45 -0.228172
-0.4 -0.42257
-0.35 -0.585568
-0.3 -0.720573
-0.25 -0.830709
-0.2 -0.918835
-0.15 -0.987558
-0.1 -1.03925
-0.05 -1.07608
0 -1.1
0.05 -1.11277
0.1 -1.116
0.15 -1.1111
0.2 -1.09937
0.25 -1.08194
0.3 -1.05983
0.35 -1.03394
0.4 -1.00505
0.45 -0.97386
0.5 -0.940964
0.55 -0.906878
0.6 -0.872044
0.65 -0.836836
0.7 -0.801565
0.75 -0.766488
0.8 -0.731811
0.85 -0.697698
0.9 -0.664271
0.95 -0.63162
1 -0.599803
1.05 -0.568852
1.1 -0.538777
1.15 -0.509567
1.2 -0.481197
1.25 -0.453626
1.3 -0.426804
1.35 -0.400672
1.4 -0.375164
1.45 -0.350209
1.5 -0.325734
1.55 -0.301665
1.6 -0.277926
1.65 -0.254444
1.7 -0.231147
1.75 -0.207966
1.8 -0.184835
1.85 -0.161694
1.9 -0.138487
1.95 -0.115162
2 -0.0916738
2.05 -0.067982
2.1 -0.0440524
2.15 -0.0198562
2.2 0.00462953
2.25 0.0294221
2.3 0.0545332
2.35 0.0799696
2.4 0.105732
2.45 0.131819
2.5 0.15822
2.55 0.184925
2.6 0.211917
2.65 0.239178
2.7 0.266684
2.75 0.29441
2.8 0.32233
2.85 0.350413
2.9 0.378629
2.95 0.406945
3 0.435329
3.05 0.463746
3.1 0.492165
3.15 0.520551
3.2 0.548873
3.25 0.577098
3.3 0.605196
3.35 0.633138
3.4 0.660897
3.45 0.688447
3.5 0.715766
3.55 0.742832
3.6 0.769627
3.65 0.796136
3.7 0.822344
3.75 0.848243
3.8 0.873824
3.85 0.899082
3.9 0.924016
3.95 0.948628
4 0.97292
4.05 0.996901
4.1 1.02058
4.15 1.04397
4.2 1.06708
4.25 1.08993
4.3 1.11254
4.35 1.13494
4.4 1.15713
4.45 1.17916
4.5 1.20104
4.55 1.22281
4.6 1.24448
4.65 1.2661
4.7 1.28769
4.75 1.30927
4.8 1.33089
4.85 1.35257
4.9 1.37434
4.95 1.39623
5 1.41827
5.05 1.44048
5.1 1.4629
5.15 1.48554
5.2 1.50843
5.25 1.53159
5.3 1.55504
5.35 1.5788
5.4 1.60288
5.45 1.62729
5.5 1.65204
5.55 1.67714
5.6 1.7026
5.65 1.7284
5.7 1.75456
5.75 1.78107
5.8 1.80792
5.85 1.83509
5.9 1.86259
5.95 1.89038
6 1.91846
6.05 1.9468
6.1 1.97538
6.15 2.00418
6.2 2.03316
6.25 2.06231
6.3 2.09158
6.35 2.12096
6.4 2.1504
6.45 2.17988
6.5 2.20935
6.55 2.2388
6.6 2.26818
6.65 2.29747
6.7 2.32663
6.75 2.35564
6.8 2.38446
6.85 2.41308
6.9 2.44146
6.95 2.46959
7 2.49744
7.05 2.52502
7.1 2.55229
7.15 2.57927
7.2 2.60594
7.25 2.6323
7.3 2.65837
7.35 2.68415
7.4 2.70966
7.45 2.73492
7.5 2.75995
7.55 2.78478
7.6 2.80944
7.65 2.83396
7.7 2.85839
7.75 2.88276
7.8 2.90713
7.85 2.93153
7.9 2.956
7.95 2.98059
8 3.00535
8.05 3.03031
8.1 3.05549
8.15 3.08094
8.2 3.10666
8.25 3.13265
8.3 3.15892
8.35 3.18544
8.4 3.21216
8.45 3.23903
8.5 3.26594
8.55 3.29277
8.6 3.31939
8.65 3.34558
8.7 3.37113
8.75 3.39574
8.8 3.41908
8.85 3.44077
8.9 3.46033
8.95 3.47724
9 3.49089
9.05 3.50058
9.1 3.50552
9.15 3.50481
9.2 3.49746
9.25 3.48231
9.3 3.45813
9.35 3.42349
9.4 3.37684
9.45 3.31645
9.5 3.24041
9.55 3.14661
9.6 3.03276
9.65 2.89631
9.7 2.73449
9.75 2.54428
9.8 2.32238
9.85 2.0652
9.9 1.76884
9.95 1.42907
