-1 -1.5
-0.95 -1.475
-0.9 -1.45
-0.85 -1.425
-0.8 -1.4
-0.75 -1.375
-0.7 -1.35
-0.65 -1.325
-0.6 -1.3
-0.55 -1.275
-0.5 -1.25
-0.45 -1.225
-0.4 -1.2
-0.35 -1.175
-0.3 -1.15
-0.25 -1.125
-0.2 -1.1
-0.15 -1.075
-0.1 -1.05
-0.05 -1.025
0 -1
0.05 -0.975
0.1 -0.95
0.15 -0.925
0.2 -0.9
0.25 -0.875
0.3 -0.85
0.35 -0.825
0.4 -0.8
0.45 -0.775
0.5 -0.75
0.55 -0.725
0.6 -0.7
0.65 -0.675
0.7 -0.65
0.75 -0.625
0.8 -0.6
0.85 -0.575
0.9 -0.55
0.95 -0.525
1 -0.5
1.05 -0.475
1.1 -0.45
1.15 -0.425
1.2 -0.4
1.25 -0.375
1.3 -0.35
1.35 -0.325
1.4 -0.3
1.45 -0.275
1.5 -0.25
1.55 -0.225
1.6 -0.2
1.65 -0.175
1.7 -0.15
1.75 -0.125
1.8 -0.1
1.85 -0.075
1.9 -0.05
1.95 -0.025
2 0
2.05 0.025
2.1 0.05
2.15 0.075
2.2 0.1
2.25 0.125
2.3 0.15
2.35 0.175
2.4 0.2
2.45 0.225
2.5 0.25
2.55 0.275
2.6 0.3
2.65 0.325
2.7 0.35
2.75 0.375
2.8 0.4
2.85 0.425
2.9 0.45
2.95 0.475
3 0.5
3.05 0.525
3.1 0.55
3.15 0.575
3.2 0.6
3.25 0.625
3.3 0.65
3.35 0.675
3.4 0.7
3.45 0.725
3.5 0.75
3.55 0.775
3.6 0.8
3.65 0.825
3.7 0.85
3.75 0.875
3.8 0.9
3.85 0.925
3.9 0.95
3.95 0.975
4 1
4.05 1.025
4.1 1.05
4.15 1.075
4.2 1.1
4.25 1.125
4.3 1.15
4.35 1.175
4.4 1.2
4.45 1.225
4.5 1.25
4.55 1.275
4.6 1.3
4.65 1.325
4.7 1.35
4.75 1.375
4.8 1.4
4.85 1.425
4.9 1.45
4.95 1.475
5 1.5
5.05 1.525
5.1 1.55
5.15 1.575
5.2 1.6
5.25 1.625
5.3 1.65
5.35 1.675
5.4 1.7
5.45 1.725
5.5 1.75
5.55 1.775
5.6 1.8
5.65 1.825
5.7 1.85
5.75 1.875
5.8 1.9
5.85 1.925
5.9 1.95
5.95 1.975
6 2
6.05 2.025
6.1 2.05
6.15 2.075
6.2 2.1
6.25 2.125
6.3 2.15
6.35 2.175
6.4 2.2
6.45 2.225
6.5 2.25
6.55 2.275
6.6 2.3
6.65 2.325
6.7 2.35
6.75 2.375
6.8 2.4
6.85 2.425
6.9 2.45
6.95 2.475
7 2.5
7.05 2.525
7.1 2.55
7.15 2.575
7.2 2.6
7.25 2.625
7.3 2.65
7.35 2.675
7.4 2.7
7.45 2.725
7.5 2.75
7.55 2.775
7.6 2.8
7.65 2.825
7.7 2.85
7.75 2.875
7.8 2.9
7.85 2.925
7.9 2.95
7.95 2.975
8 3
8.05 3.025
8.1 3.05
8.15 3.075
8.2 3.1
8.25 3.125
8.3 3.15
8.35 3.175
8.4 3.2
8.45 3.225
8.5 3.25
8.55 3.275
8.6 3.3
8.65 3.325
8.7 3.35
8.75 3.375
8.8 3.4
8.85 3.425
8.9 3.45
8.95 3.475
9 3.5
9.05 3.525
9.1 3.55
9.15 3.575
9.2 3.6
9.25 3.625
9.3 3.65
9.35 3.675
9.4 3.7
9.45 3.725
9.5 3.75
9.55 3.775
9.6 3.8
9.65 3.825
9.7 3.85
9.75 3.875
9.8 3.9
9.85 3.925
9.9 3.95
9.95 3.975
