-1 10
-0.95 9.07425
-0.9 8.22248
-0.85 7.43963
-0.8 6.72098
-0.75 6.06204
-0.7 5.45859
-0.65 4.90668
-0.6 4.40257
-0.55 3.94275
-0.5 3.52394
-0.45 3.14305
-0.4 2.79718
-0.35 2.48362
-0.3 2.19984
-0.25 1.94346
-0.2 1.71226
-0.15 1.50418
-0.1 1.31728
-0.05 1.14978
0 1
0.05 0.866386
0.1 0.747498
0.15 0.641999
0.2 0.548651
0.25 0.466311
0.3 0.393919
0.35 0.330502
0.4 0.27516
0.45 0.227069
0.5 0.185471
0.55 0.149669
0.6 0.119029
0.65 0.0929698
0.7 0.0709625
0.75 0.0525258
0.8 0.037223
0.85 0.0246586
0.9 0.0144756
0.95 0.00635238
1 -0
1.05 -0.00484015
1.1 -0.00839885
1.15 -0.0108813
1.2 -0.0124694
1.25 -0.0133232
1.3 -0.0135834
1.35 -0.0133729
1.4 -0.0127982
1.45 -0.011951
1.5 -0.01091
1.55 -0.00974177
1.6 -0.00850207
1.65 -0.00723717
1.7 -0.00598479
1.75 -0.00477508
1.8 -0.00363151
1.85 -0.00257176
1.9 -0.0016084
1.95 -0.00074966
2 0
2.05 0.000639264
2.1 0.00116946
2.15 0.00159408
2.2 0.00191836
2.25 0.0021489
2.3 0.0022933
2.35 0.00235992
2.4 0.00235756
2.45 0.00229523
2.5 0.00218201
2.55 0.00202681
2.6 0.00183828
2.65 0.00162467
2.7 0.00139372
2.75 0.0011526
2.8 0.000907878
2.85 0.00066542
2.9 0.000430418
2.95 0.000207353
3 -0
3.05 -0.00018856
3.1 -0.000355923
3.15 -0.000500332
3.2 -0.000620646
3.25 -0.000716299
3.3 -0.000787253
3.35 -0.000833958
3.4 -0.000857293
3.45 -0.000858521
3.5 -0.000839233
3.55 -0.000801297
3.6 -0.000746803
3.65 -0.000678012
3.7 -0.000597308
3.75 -0.000507146
3.8 -0.00041001
3.85 -0.000308366
3.9 -0.000204625
3.95 -0.000101106
4 0
4.05 9.66568e-05
4.1 0.00018701
4.15 0.00026941
4.2 0.000342426
4.25 0.000404865
4.3 0.000455778
4.35 0.000494471
4.4 0.000520499
4.45 0.000533675
4.5 0.000534058
4.55 0.000521946
4.6 0.000497869
4.65 0.000462569
4.7 0.000416989
4.75 0.000362247
4.8 0.000299622
4.85 0.000230526
4.9 0.000156478
4.95 7.90829e-05
5 -0
5.05 -7.90829e-05
5.1 -0.000156478
5.15 -0.000230526
5.2 -0.000299622
5.25 -0.000362247
5.3 -0.000416989
5.35 -0.000462569
5.4 -0.000497869
5.45 -0.000521946
5.5 -0.000534058
5.55 -0.000533675
5.6 -0.000520499
5.65 -0.000494471
5.7 -0.000455778
5.75 -0.000404865
5.8 -0.000342426
5.85 -0.00026941
5.9 -0.00018701
5.95 -9.66568e-05
6 0
6.05 0.000101106
6.1 0.000204625
6.15 0.000308366
6.2 0.00041001
6.25 0.000507146
6.3 0.000597308
6.35 0.000678012
6.4 0.000746803
6.45 0.000801297
6.5 0.000839233
6.55 0.000858521
6.6 0.000857293
6.65 0.000833958
6.7 0.000787253
6.75 0.000716299
6.8 0.000620646
6.85 0.000500332
6.9 0.000355923
6.95 0.00018856
7 -0
7.05 -0.000207353
7.1 -0.000430418
7.15 -0.00066542
7.2 -0.000907878
7.25 -0.0011526
7.3 -0.00139372
7.35 -0.00162467
7.4 -0.00183828
7.45 -0.00202681
7.5 -0.00218201
7.55 -0.00229523
7.6 -0.00235756
7.65 -0.00235992
7.7 -0.0022933
7.75 -0.0021489
7.8 -0.00191836
7.85 -0.00159408
7.9 -0.00116946
7.95 -0.000639264
8 0
8.05 0.00074966
8.1 0.0016084
8.15 0.00257176
8.2 0.00363151
8.25 0.00477508
8.3 0.00598479
8.35 0.00723717
8.4 0.00850207
8.45 0.00974177
8.5 0.01091
8.55 0.011951
8.6 0.0127982
8.65 0.0133729
8.7 0.0135834
8.75 0.0133232
8.8 0.0124694
8.85 0.0108813
8.9 0.00839885
8.95 0.00484015
9 -0
9.05 -0.00635238
9.1 -0.0144756
9.15 -0.0246586
9.2 -0.037223
9.25 -0.0525258
9.3 -0.0709625
9.35 -0.0929698
9.4 -0.119029
9.45 -0.149669
9.5 -0.185471
9.55 -0.227069
9.6 -0.27516
9.65 -0.330502
9.7 -0.393919
9.75 -0.466311
9.8 -0.548651
9.85 -0.641999
9.9 -0.747498
9.95 -0.866386
