-1 -45
-0.95 -39.7871
-0.9 -35.0537
-0.85 -30.7639
-0.8 -26.8839
-0.75 -23.3821
-0.7 -20.2289
-0.65 -17.3964
-0.6 -14.8587
-0.55 -12.5914
-0.5 -10.5718
-0.45 -8.77886
-0.4 -7.19275
-0.35 -5.79512
-0.3 -4.5689
-0.25 -3.49822
-0.2 -2.56839
-0.15 -1.76577
-0.1 -1.07778
-0.05 -0.492764
0 0
0.05 0.410393
0.1 0.747498
0.15 1.01965
0.2 1.23447
0.25 1.39893
0.3 1.5194
0.35 1.60166
0.4 1.65096
0.45 1.67206
0.5 1.66924
0.55 1.64636
0.6 1.60689
0.65 1.55392
0.7 1.49021
0.75 1.4182
0.8 1.34003
0.85 1.25759
0.9 1.17253
0.95 1.08626
1 1
1.05 0.914787
1.1 0.831486
1.15 0.750812
1.2 0.673345
1.25 0.599542
1.3 0.529753
1.35 0.464231
1.4 0.403142
1.45 0.34658
1.5 0.294571
1.55 0.247087
1.6 0.20405
1.65 0.165342
1.7 0.13081
1.75 0.100277
1.8 0.0735382
1.85 0.0503762
1.9 0.0305597
1.95 0.013849
2 -0
2.05 -0.0112328
2.1 -0.0200935
2.15 -0.0268222
2.2 -0.031653
2.25 -0.0348121
2.3 -0.0365164
2.35 -0.0369721
2.4 -0.0363737
2.45 -0.0349033
2.5 -0.0327301
2.55 -0.0300099
2.6 -0.0268849
2.65 -0.0234839
2.7 -0.019922
2.75 -0.0163011
2.8 -0.0127103
2.85 -0.00922597
2.9 -0.00591259
2.95 -0.00282319
3 0
3.05 0.00252486
3.1 0.00472869
3.15 0.0065974
3.2 0.00812483
3.25 0.00931188
3.3 0.0101658
3.35 0.0106995
3.4 0.0109305
3.45 0.0108804
3.5 0.0105743
3.55 0.0100398
3.6 0.00930632
3.65 0.0084048
3.7 0.0073668
3.75 0.00622407
3.8 0.00500797
3.85 0.00374908
3.9 0.00247667
3.95 0.00121841
4 -0
4.05 -0.00115513
4.1 -0.00222603
4.15 -0.00319443
4.2 -0.0040449
4.25 -0.00476494
4.3 -0.00534504
4.35 -0.00577866
4.4 -0.00606228
4.45 -0.00619527
4.5 -0.00617981
4.55 -0.00602076
4.6 -0.00572549
4.65 -0.0053037
4.7 -0.00476719
4.75 -0.00412962
4.8 -0.00340623
4.85 -0.00261362
4.9 -0.0017694
4.95 -0.000891934
5 0
5.05 0.000887485
5.1 0.00175179
5.15 0.00257467
5.2 0.00333865
5.25 0.00402734
5.3 0.00462567
5.35 0.00512016
5.4 0.00549919
5.45 0.00575314
5.5 0.00587463
5.55 0.0058587
5.6 0.00570286
5.65 0.00540727
5.7 0.00497477
5.75 0.00441089
5.8 0.00372388
5.85 0.00292462
5.9 0.00202658
5.95 0.00104565
6 -0
6.05 -0.00109014
6.1 -0.00220273
6.15 -0.00331418
6.2 -0.00439972
6.25 -0.00543371
6.3 -0.00639007
6.35 -0.00724269
6.4 -0.0079659
6.45 -0.00853492
6.5 -0.00892639
6.55 -0.00911888
6.6 -0.00909343
6.65 -0.00883405
6.7 -0.00832831
6.75 -0.00756785
6.8 -0.00654889
6.85 -0.00527273
6.9 -0.00374624
6.95 -0.00198226
7 0
7.05 0.00217463
7.1 0.00450881
7.15 0.00696257
7.2 0.00948879
7.25 0.0120332
7.3 0.0145345
7.35 0.0169247
7.4 0.0191297
7.45 0.0210694
7.5 0.0226593
7.55 0.0238108
7.6 0.0244328
7.65 0.0244332
7.7 0.0237203
7.75 0.0222053
7.8 0.0198043
7.85 0.0164411
7.9 0.0120505
7.95 0.0065812
8 -0
8.05 -0.00770396
8.1 -0.0165145
8.15 -0.026383
8.2 -0.037223
8.25 -0.0489034
8.3 -0.0612416
8.35 -0.0739964
8.4 -0.086859
8.45 -0.0994445
8.5 -0.111282
8.55 -0.121805
8.6 -0.130339
8.65 -0.136089
8.7 -0.138127
8.75 -0.13538
8.8 -0.126612
8.85 -0.110407
8.9 -0.085158
8.95 -0.0490407
9 0
9.05 0.0642735
9.1 0.146365
9.15 0.249158
9.2 0.375862
9.25 0.530034
9.3 0.71561
9.35 0.936935
9.4 1.19879
9.45 1.50643
9.5 1.86562
9.55 2.28265
9.6 2.7644
9.65 3.31839
9.7 3.95277
9.75 4.67643
9.8 5.49898
9.85 6.43087
9.9 7.48338
9.95 8.6687
