-1 120
-0.95 105.2
-0.9 91.8649
-0.85 79.8782
-0.8 69.1301
-0.75 59.5182
-0.7 50.9469
-0.65 43.3269
-0.6 36.5752
-0.55 30.6143
-0.5 25.3724
-0.45 20.7826
-0.4 16.7831
-0.35 13.3164
-0.3 10.3297
-0.25 7.77383
-0.2 5.60376
-0.15 3.77793
-0.1 2.2582
-0.05 1.00956
0 -0
0.05 -0.799741
0.1 -1.41631
0.15 -1.87394
0.2 -2.19461
0.25 -2.39817
0.3 -2.50254
0.35 -2.52383
0.4 -2.47644
0.45 -2.37324
0.5 -2.22565
0.55 -2.04376
0.6 -1.83645
0.65 -1.61148
0.7 -1.37558
0.75 -1.13456
0.8 -0.893352
0.85 -0.656134
0.9 -0.426373
0.95 -0.206906
1 0
1.05 0.192587
1.1 0.36955
1.15 0.529985
1.2 0.673345
1.25 0.799389
1.3 0.908148
1.35 0.999881
1.4 1.07505
1.45 1.13426
1.5 1.17828
1.55 1.20798
1.6 1.2243
1.65 1.22825
1.7 1.2209
1.75 1.20332
1.8 1.17661
1.85 1.14186
1.9 1.10015
1.95 1.05252
2 1
2.05 0.943554
2.1 0.884112
2.15 0.822546
2.2 0.759671
2.25 0.696242
2.3 0.632952
2.35 0.570427
2.4 0.509232
2.45 0.449865
2.5 0.392761
2.55 0.338293
2.6 0.286772
2.65 0.238452
2.7 0.193528
2.75 0.152144
2.8 0.114393
2.85 0.0803202
2.9 0.0499285
2.95 0.0231799
3 -0
3.05 -0.019718
3.1 -0.03611
3.15 -0.0493371
3.2 -0.0595821
3.25 -0.0670456
3.3 -0.0719429
3.35 -0.0745002
3.4 -0.0749519
3.45 -0.0735368
3.5 -0.0704956
3.55 -0.0660683
3.6 -0.0604911
3.65 -0.0539944
3.7 -0.0468008
3.75 -0.0391227
3.8 -0.0311607
3.85 -0.0231024
3.9 -0.0151207
3.95 -0.00737296
4 0
4.05 0.00687442
4.1 0.0131441
4.15 0.0187208
4.2 0.023534
4.25 0.0275308
4.3 0.0306759
4.35 0.0329507
4.4 0.0343529
4.45 0.0348958
4.5 0.0346069
4.55 0.0335274
4.6 0.0317104
4.65 0.0292204
4.7 0.0261313
4.75 0.0225252
4.8 0.018491
4.85 0.0141227
4.9 0.00951818
4.95 0.00477714
5 -0
5.05 -0.00471386
5.1 -0.00926753
5.15 -0.0135681
5.2 -0.0175279
5.25 -0.0210661
5.3 -0.0241095
5.35 -0.0265943
5.4 -0.0284664
5.45 -0.0296828
5.5 -0.0302124
5.55 -0.0300361
5.6 -0.029148
5.65 -0.0275549
5.7 -0.0252772
5.75 -0.0223485
5.8 -0.0188154
5.85 -0.0147371
5.9 -0.0101849
5.95 -0.00524149
6 0
6.05 0.00543725
6.1 0.0109599
6.15 0.0164511
6.2 0.0217891
6.25 0.0268489
6.3 0.0315045
6.35 0.0356307
6.4 0.0391053
6.45 0.0418115
6.5 0.0436401
6.55 0.0444921
6.6 0.044281
6.65 0.0429354
6.7 0.0404012
6.75 0.0366443
6.8 0.031653
6.85 0.0254396
6.9 0.0180431
6.95 0.00953085
7 -0
7.05 -0.010421
7.1 -0.0215715
7.15 -0.0332581
7.2 -0.0452542
7.25 -0.0573009
7.3 -0.0691074
7.35 -0.0803529
7.4 -0.0906887
7.45 -0.0997414
7.5 -0.107117
7.55 -0.112404
7.6 -0.115183
7.65 -0.115031
7.7 -0.111527
7.75 -0.104268
7.8 -0.0928752
7.85 -0.0770064
7.9 -0.056372
7.95 -0.0307492
8 0
8.05 0.0359093
8.1 0.076887
8.15 0.122692
8.2 0.172907
8.25 0.226912
8.3 0.28385
8.35 0.342597
8.4 0.401723
8.45 0.459449
8.5 0.513611
8.55 0.561607
8.6 0.60035
8.65 0.626214
8.7 0.634974
8.75 0.621747
8.8 0.580925
8.85 0.506101
8.9 0.389999
8.95 0.224388
9 -0
9.05 -0.293561
9.1 -0.667918
9.15 -1.13602
9.2 -1.71226
9.25 -2.41257
9.3 -3.25456
9.35 -4.25764
9.4 -5.44316
9.45 -6.83455
9.5 -8.45746
9.55 -10.3399
9.6 -12.5126
9.65 -15.0087
9.7 -17.8645
9.75 -21.1194
9.8 -24.8159
9.85 -29.0004
9.9 -33.7226
9.95 -39.0364
