-1 -210
-0.95 -183.323
-0.9 -159.39
-0.85 -137.971
-0.8 -118.855
-0.75 -101.842
-0.7 -86.7473
-0.65 -73.3985
-0.6 -61.6359
-0.55 -51.3113
-0.5 -42.2873
-0.45 -34.4369
-0.4 -27.6427
-0.35 -21.7966
-0.3 -16.7988
-0.25 -12.5577
-0.2 -8.98936
-0.15 -6.01671
-0.1 -3.56941
-0.05 -1.58331
0 0
0.05 1.2335
0.1 2.16517
0.15 2.83831
0.2 3.29191
0.25 3.56092
0.3 3.67658
0.35 3.6667
0.4 3.55592
0.45 3.36597
0.5 3.11591
0.55 2.82233
0.6 2.49961
0.65 2.16006
0.7 1.81417
0.75 1.47072
0.8 1.13699
0.85 0.818896
0.9 0.521123
0.95 0.247278
1 -0
1.05 -0.218923
1.1 -0.408449
1.15 -0.568182
1.2 -0.698284
1.25 -0.799389
1.3 -0.872535
1.35 -0.919083
1.4 -0.940665
1.45 -0.939119
1.5 -0.916443
1.55 -0.874744
1.6 -0.816198
1.65 -0.743016
1.7 -0.657406
1.75 -0.561549
1.8 -0.457571
1.85 -0.347523
1.9 -0.233365
1.95 -0.116947
2 0
2.05 0.115875
2.1 0.229214
2.15 0.338695
2.2 0.443142
2.25 0.541522
2.3 0.632952
2.35 0.716691
2.4 0.792139
2.45 0.858833
2.5 0.916443
2.55 0.964762
2.6 1.0037
2.65 1.03329
2.7 1.05365
2.75 1.06501
2.8 1.06766
2.85 1.06201
2.9 1.0485
2.95 1.02764
3 1
3.05 0.966182
3.1 0.926823
3.15 0.882586
3.2 0.834149
3.25 0.782198
3.3 0.727422
3.35 0.670502
3.4 0.612107
3.45 0.552887
3.5 0.493469
3.55 0.434449
3.6 0.376389
3.65 0.319813
3.7 0.265205
3.75 0.213001
3.8 0.163594
3.85 0.117324
3.9 0.0744835
3.95 0.0353126
4 -0
4.05 -0.0313168
4.1 -0.0585512
4.15 -0.0816662
4.2 -0.100673
4.25 -0.115629
4.3 -0.126636
4.35 -0.133837
4.4 -0.137412
4.45 -0.137578
4.5 -0.134583
4.55 -0.128702
4.6 -0.120235
4.65 -0.109503
4.7 -0.0968395
4.75 -0.0825924
4.8 -0.0671154
4.85 -0.0507655
4.9 -0.0338981
4.95 -0.0168629
5 0
5.05 0.0163644
5.1 0.0319215
5.15 0.0463839
5.2 0.0594887
5.25 0.0710005
5.3 0.0807145
5.35 0.088459
5.4 0.0940972
5.45 0.0975293
5.5 0.0986938
5.55 0.0975684
5.6 0.0941703
5.65 0.0885569
5.7 0.0808247
5.75 0.0711089
5.8 0.0595821
5.85 0.0464519
5.9 0.0319594
5.95 0.016376
6 -0
6.05 -0.0168466
6.1 -0.0338225
6.15 -0.050572
6.2 -0.0667291
6.25 -0.0819236
6.3 -0.0957865
6.35 -0.107956
6.4 -0.118083
6.45 -0.125839
6.5 -0.13092
6.55 -0.133059
6.6 -0.132023
6.65 -0.12763
6.7 -0.119748
6.75 -0.108304
6.8 -0.093293
6.85 -0.0747769
6.9 -0.0528956
6.95 -0.0278687
7 0
7.05 0.0303196
7.1 0.0626101
7.15 0.0963016
7.2 0.130734
7.25 0.165161
7.3 0.198751
7.35 0.230591
7.4 0.2597
7.45 0.285029
7.5 0.305481
7.55 0.31992
7.6 0.327188
7.65 0.326126
7.7 0.315598
7.75 0.294512
7.8 0.261856
7.85 0.216729
7.9 0.158378
7.95 0.0862426
8 -0
8.05 -0.10038
8.1 -0.21458
8.15 -0.341869
8.2 -0.481036
8.25 -0.63031
8.3 -0.787283
8.35 -0.948814
8.4 -1.11094
8.45 -1.26875
8.5 -1.41632
8.55 -1.54653
8.6 -1.65096
8.65 -1.71978
8.7 -1.74154
8.75 -1.70305
8.8 -1.5892
8.85 -1.38277
8.9 -1.06423
8.95 -0.611567
9 0
9.05 0.798195
9.1 1.81396
9.15 3.08173
9.2 4.63967
9.25 6.53001
9.3 8.79936
9.35 11.499
9.4 14.6852
9.45 18.4197
9.5 22.7701
9.55 27.8099
9.6 33.6196
9.65 40.2864
9.7 47.9053
9.75 56.579
9.8 66.4191
9.85 77.546
9.9 90.0897
9.95 104.191
