-1 252
-0.95 219.432
-0.9 190.292
-0.85 164.286
-0.8 141.141
-0.75 120.603
-0.7 102.436
-0.65 86.4208
-0.6 72.3552
-0.55 60.0511
-0.5 49.3352
-0.45 40.0474
-0.4 32.0404
-0.35 25.1788
-0.3 19.3381
-0.25 14.4044
-0.2 10.2736
-0.15 6.85035
-0.1 4.04824
-0.05 1.78855
0 -0
0.05 -1.38183
0.1 -2.41499
0.15 -3.15163
0.2 -3.63843
0.25 -3.91701
0.3 -4.02436
0.35 -3.99318
0.4 -3.85225
0.45 -3.62671
0.5 -3.33847
0.55 -3.00639
0.6 -2.64664
0.65 -2.2729
0.7 -1.89664
0.75 -1.52729
0.8 -1.17252
0.85 -0.838394
0.9 -0.529528
0.95 -0.249305
1 0
1.05 0.217068
1.1 0.401407
1.15 0.55323
1.2 0.673345
1.25 0.763054
1.3 0.82406
1.35 0.858389
1.4 0.868306
1.45 0.856256
1.5 0.824799
1.55 0.776558
1.6 0.714174
1.65 0.640259
1.7 0.557366
1.75 0.467958
1.8 0.374376
1.85 0.278827
1.9 0.183358
1.95 0.0898495
2 -0
2.05 -0.084678
2.1 -0.162863
2.15 -0.233425
2.2 -0.295428
2.25 -0.348121
2.3 -0.390941
2.35 -0.423499
2.4 -0.445578
2.45 -0.457121
2.5 -0.458221
2.55 -0.449113
2.6 -0.430159
2.65 -0.401835
2.7 -0.364726
2.75 -0.319502
2.8 -0.266916
2.85 -0.207785
2.9 -0.142977
2.95 -0.0734029
3 0
3.05 0.0762775
3.1 0.15447
3.15 0.233626
3.2 0.312806
3.25 0.391099
3.3 0.467629
3.35 0.541559
3.4 0.612107
3.45 0.678544
3.5 0.740204
3.55 0.79649
3.6 0.846875
3.65 0.890908
3.7 0.928217
3.75 0.958506
3.8 0.981563
3.85 0.997254
3.9 1.00553
3.95 1.00641
4 1
4.05 0.986479
4.1 0.966095
4.15 0.939162
4.2 0.906058
4.25 0.86722
4.3 0.823136
4.35 0.774341
4.4 0.721412
4.45 0.664959
4.5 0.605621
4.55 0.544058
4.6 0.480941
4.65 0.416953
4.7 0.352772
4.75 0.289073
4.8 0.226515
4.85 0.165734
4.9 0.107344
4.95 0.05192
5 -0
5.05 -0.0479242
5.1 -0.0914116
5.15 -0.130077
5.2 -0.163594
5.25 -0.191701
5.3 -0.214204
5.35 -0.230976
5.4 -0.241964
5.45 -0.247186
5.5 -0.246735
5.55 -0.240774
5.6 -0.22954
5.65 -0.213342
5.7 -0.192553
5.75 -0.167614
5.8 -0.139025
5.85 -0.107342
5.9 -0.0731702
5.95 -0.0371608
6 0
6.05 0.0375966
6.1 0.0748928
6.15 0.111141
6.2 0.145591
6.25 0.177501
6.3 0.206149
6.35 0.230842
6.4 0.250926
6.45 0.265802
6.5 0.274933
6.55 0.277858
6.6 0.274202
6.65 0.263688
6.7 0.246148
6.75 0.221532
6.8 0.189918
6.85 0.151522
6.9 0.106703
6.95 0.0559736
7 -0
7.05 -0.0603907
7.1 -0.12421
7.15 -0.19031
7.2 -0.257384
7.25 -0.323971
7.3 -0.388467
7.35 -0.449137
7.4 -0.504123
7.45 -0.551469
7.5 -0.589142
7.55 -0.615057
7.6 -0.62711
7.65 -0.623214
7.7 -0.601341
7.75 -0.559573
7.8 -0.496149
7.85 -0.409534
7.9 -0.298482
7.95 -0.162114
8 0
8.05 0.187748
8.1 0.400375
8.15 0.636371
8.2 0.893352
8.25 1.16793
8.3 1.45556
8.35 1.7504
8.4 2.04513
8.45 2.3308
8.5 2.59659
8.55 2.82963
8.6 3.0148
8.65 3.13443
8.7 3.16811
8.75 3.09238
8.8 2.88042
8.85 2.50181
8.9 1.92214
8.95 1.10267
9 -0
9.05 -1.43438
9.1 -3.25447
9.15 -5.52018
9.2 -8.29787
9.25 -11.6607
9.3 -15.6894
9.35 -20.4725
9.4 -26.107
9.45 -32.6992
9.5 -40.3651
9.55 -49.2311
9.6 -59.4346
9.65 -71.1251
9.7 -84.4645
9.75 -99.6283
9.8 -116.806
9.85 -136.203
9.9 -158.039
9.95 -182.553
