-1 -210
-0.95 -182.553
-0.9 -158.039
-0.85 -136.203
-0.8 -116.806
-0.75 -99.6283
-0.7 -84.4645
-0.65 -71.1251
-0.6 -59.4346
-0.55 -49.2311
-0.5 -40.3651
-0.45 -32.6992
-0.4 -26.107
-0.35 -20.4725
-0.3 -15.6894
-0.25 -11.6607
-0.2 -8.29787
-0.15 -5.52018
-0.1 -3.25447
-0.05 -1.43438
0 0
0.05 1.10267
0.1 1.92214
0.15 2.50181
0.2 2.88042
0.25 3.09238
0.3 3.16811
0.35 3.13443
0.4 3.0148
0.45 2.82963
0.5 2.59659
0.55 2.3308
0.6 2.04513
0.65 1.7504
0.7 1.45556
0.75 1.16793
0.8 0.893352
0.85 0.636371
0.9 0.400375
0.95 0.187748
1 -0
1.05 -0.162114
1.1 -0.298482
1.15 -0.409534
1.2 -0.496149
1.25 -0.559573
1.3 -0.601341
1.35 -0.623214
1.4 -0.62711
1.45 -0.615057
1.5 -0.589142
1.55 -0.551469
1.6 -0.504123
1.65 -0.449137
1.7 -0.388467
1.75 -0.323971
1.8 -0.257384
1.85 -0.19031
1.9 -0.12421
1.95 -0.0603907
2 0
2.05 0.0559736
2.1 0.106703
2.15 0.151522
2.2 0.189918
2.25 0.221532
2.3 0.246148
2.35 0.263688
2.4 0.274202
2.45 0.277858
2.5 0.274933
2.55 0.265802
2.6 0.250926
2.65 0.230842
2.7 0.206149
2.75 0.177501
2.8 0.145591
2.85 0.111141
2.9 0.0748928
2.95 0.0375966
3 -0
3.05 -0.0371608
3.1 -0.0731702
3.15 -0.107342
3.2 -0.139025
3.25 -0.167614
3.3 -0.192553
3.35 -0.213342
3.4 -0.22954
3.45 -0.240774
3.5 -0.246735
3.55 -0.247186
3.6 -0.241964
3.65 -0.230976
3.7 -0.214204
3.75 -0.191701
3.8 -0.163594
3.85 -0.130077
3.9 -0.0914116
3.95 -0.0479242
4 0
4.05 0.05192
4.1 0.107344
4.15 0.165734
4.2 0.226515
4.25 0.289073
4.3 0.352772
4.35 0.416953
4.4 0.480941
4.45 0.544058
4.5 0.605621
4.55 0.664959
4.6 0.721412
4.65 0.774341
4.7 0.823136
4.75 0.86722
4.8 0.906058
4.85 0.939162
4.9 0.966095
4.95 0.986479
5 1
5.05 1.00641
5.1 1.00553
5.15 0.997254
5.2 0.981563
5.25 0.958506
5.3 0.928217
5.35 0.890908
5.4 0.846875
5.45 0.79649
5.5 0.740204
5.55 0.678544
5.6 0.612107
5.65 0.541559
5.7 0.467629
5.75 0.391099
5.8 0.312806
5.85 0.233626
5.9 0.15447
5.95 0.0762775
6 -0
6.05 -0.0734029
6.1 -0.142977
6.15 -0.207785
6.2 -0.266916
6.25 -0.319502
6.3 -0.364726
6.35 -0.401835
6.4 -0.430159
6.45 -0.449113
6.5 -0.458221
6.55 -0.457121
6.6 -0.445578
6.65 -0.423499
6.7 -0.390941
6.75 -0.348121
6.8 -0.295428
6.85 -0.233425
6.9 -0.162863
6.95 -0.084678
7 0
7.05 0.0898495
7.1 0.183358
7.15 0.278827
7.2 0.374376
7.25 0.467958
7.3 0.557366
7.35 0.640259
7.4 0.714174
7.45 0.776558
7.5 0.824799
7.55 0.856256
7.6 0.868306
7.65 0.858389
7.7 0.82406
7.75 0.763054
7.8 0.673345
7.85 0.55323
7.9 0.401407
7.95 0.217068
8 -0
8.05 -0.249305
8.1 -0.529528
8.15 -0.838394
8.2 -1.17252
8.25 -1.52729
8.3 -1.89664
8.35 -2.2729
8.4 -2.64664
8.45 -3.00639
8.5 -3.33847
8.55 -3.62671
8.6 -3.85225
8.65 -3.99318
8.7 -4.02436
8.75 -3.91701
8.8 -3.63843
8.85 -3.15163
8.9 -2.41499
8.95 -1.38183
9 0
9.05 1.78855
9.1 4.04824
9.15 6.85035
9.2 10.2736
9.25 14.4044
9.3 19.3381
9.35 25.1788
9.4 32.0404
9.45 40.0474
9.5 49.3352
9.55 60.0511
9.6 72.3552
9.65 86.4208
9.7 102.436
9.75 120.603
9.8 141.141
9.85 164.286
9.9 190.292
9.95 219.432
