-1 120
-0.95 104.191
-0.9 90.0897
-0.85 77.546
-0.8 66.4191
-0.75 56.579
-0.7 47.9053
-0.65 40.2864
-0.6 33.6196
-0.55 27.8099
-0.5 22.7701
-0.45 18.4197
-0.4 14.6852
-0.35 11.499
-0.3 8.79936
-0.25 6.53001
-0.2 4.63967
-0.15 3.08173
-0.1 1.81396
-0.05 0.798195
0 -0
0.05 -0.611567
0.1 -1.06423
0.15 -1.38277
0.2 -1.5892
0.25 -1.70305
0.3 -1.74154
0.35 -1.71978
0.4 -1.65096
0.45 -1.54653
0.5 -1.41632
0.55 -1.26875
0.6 -1.11094
0.65 -0.948814
0.7 -0.787283
0.75 -0.63031
0.8 -0.481036
0.85 -0.341869
0.9 -0.21458
0.95 -0.10038
1 0
1.05 0.0862426
1.1 0.158378
1.15 0.216729
1.2 0.261856
1.25 0.294512
1.3 0.315598
1.35 0.326126
1.4 0.327188
1.45 0.31992
1.5 0.305481
1.55 0.285029
1.6 0.2597
1.65 0.230591
1.7 0.198751
1.75 0.165161
1.8 0.130734
1.85 0.0963016
1.9 0.0626101
1.95 0.0303196
2 -0
2.05 -0.0278687
2.1 -0.0528956
2.15 -0.0747769
2.2 -0.093293
2.25 -0.108304
2.3 -0.119748
2.35 -0.12763
2.4 -0.132023
2.45 -0.133059
2.5 -0.13092
2.55 -0.125839
2.6 -0.118083
2.65 -0.107956
2.7 -0.0957865
2.75 -0.0819236
2.8 -0.0667291
2.85 -0.050572
2.9 -0.0338225
2.95 -0.0168466
3 0
3.05 0.016376
3.1 0.0319594
3.15 0.0464519
3.2 0.0595821
3.25 0.0711089
3.3 0.0808247
3.35 0.0885569
3.4 0.0941703
3.45 0.0975684
3.5 0.0986938
3.55 0.0975293
3.6 0.0940972
3.65 0.088459
3.7 0.0807145
3.75 0.0710005
3.8 0.0594887
3.85 0.0463839
3.9 0.0319215
3.95 0.0163644
4 -0
4.05 -0.0168629
4.1 -0.0338981
4.15 -0.0507655
4.2 -0.0671154
4.25 -0.0825924
4.3 -0.0968395
4.35 -0.109503
4.4 -0.120235
4.45 -0.128702
4.5 -0.134583
4.55 -0.137578
4.6 -0.137412
4.65 -0.133837
4.7 -0.126636
4.75 -0.115629
4.8 -0.100673
4.85 -0.0816662
4.9 -0.0585512
4.95 -0.0313168
5 0
5.05 0.0353126
5.1 0.0744835
5.15 0.117324
5.2 0.163594
5.25 0.213001
5.3 0.265205
5.35 0.319813
5.4 0.376389
5.45 0.434449
5.5 0.493469
5.55 0.552887
5.6 0.612107
5.65 0.670502
5.7 0.727422
5.75 0.782198
5.8 0.834149
5.85 0.882586
5.9 0.926823
5.95 0.966182
6 1
6.05 1.02764
6.1 1.0485
6.15 1.06201
6.2 1.06766
6.25 1.06501
6.3 1.05365
6.35 1.03329
6.4 1.0037
6.45 0.964762
6.5 0.916443
6.55 0.858833
6.6 0.792139
6.65 0.716691
6.7 0.632952
6.75 0.541522
6.8 0.443142
6.85 0.338695
6.9 0.229214
6.95 0.115875
7 -0
7.05 -0.116947
7.1 -0.233365
7.15 -0.347523
7.2 -0.457571
7.25 -0.561549
7.3 -0.657406
7.35 -0.743016
7.4 -0.816198
7.45 -0.874744
7.5 -0.916443
7.55 -0.939119
7.6 -0.940665
7.65 -0.919083
7.7 -0.872535
7.75 -0.799389
7.8 -0.698284
7.85 -0.568182
7.9 -0.408449
7.95 -0.218923
8 0
8.05 0.247278
8.1 0.521123
8.15 0.818896
8.2 1.13699
8.25 1.47072
8.3 1.81417
8.35 2.16006
8.4 2.49961
8.45 2.82233
8.5 3.11591
8.55 3.36597
8.6 3.55592
8.65 3.6667
8.7 3.67658
8.75 3.56092
8.8 3.29191
8.85 2.83831
8.9 2.16517
8.95 1.2335
9 -0
9.05 -1.58331
9.1 -3.56941
9.15 -6.01671
9.2 -8.98936
9.25 -12.5577
9.3 -16.7988
9.35 -21.7966
9.4 -27.6427
9.45 -34.4369
9.5 -42.2873
9.55 -51.3113
9.6 -61.6359
9.65 -73.3985
9.7 -86.7473
9.75 -101.842
9.8 -118.855
9.85 -137.971
9.9 -159.39
9.95 -183.323
