-1 -45
-0.95 -39.0364
-0.9 -33.7226
-0.85 -29.0004
-0.8 -24.8159
-0.75 -21.1194
-0.7 -17.8645
-0.65 -15.0087
-0.6 -12.5126
-0.55 -10.3399
-0.5 -8.45746
-0.45 -6.83455
-0.4 -5.44316
-0.35 -4.25764
-0.3 -3.25456
-0.25 -2.41257
-0.2 -1.71226
-0.15 -1.13602
-0.1 -0.667918
-0.05 -0.293561
0 0
0.05 0.224388
0.1 0.389999
0.15 0.506101
0.2 0.580925
0.25 0.621747
0.3 0.634974
0.35 0.626214
0.4 0.60035
0.45 0.561607
0.5 0.513611
0.55 0.459449
0.6 0.401723
0.65 0.342597
0.7 0.28385
0.75 0.226912
0.8 0.172907
0.85 0.122692
0.9 0.076887
0.95 0.0359093
1 -0
1.05 -0.0307492
1.1 -0.056372
1.15 -0.0770064
1.2 -0.0928752
1.25 -0.104268
1.3 -0.111527
1.35 -0.115031
1.4 -0.115183
1.45 -0.112404
1.5 -0.107117
1.55 -0.0997414
1.6 -0.0906887
1.65 -0.0803529
1.7 -0.0691074
1.75 -0.0573009
1.8 -0.0452542
1.85 -0.0332581
1.9 -0.0215715
1.95 -0.010421
2 0
2.05 0.00953085
2.1 0.0180431
2.15 0.0254396
2.2 0.031653
2.25 0.0366443
2.3 0.0404012
2.35 0.0429354
2.4 0.044281
2.45 0.0444921
2.5 0.0436401
2.55 0.0418115
2.6 0.0391053
2.65 0.0356307
2.7 0.0315045
2.75 0.0268489
2.8 0.0217891
2.85 0.0164511
2.9 0.0109599
2.95 0.00543725
3 -0
3.05 -0.00524149
3.1 -0.0101849
3.15 -0.0147371
3.2 -0.0188154
3.25 -0.0223485
3.3 -0.0252772
3.35 -0.0275549
3.4 -0.029148
3.45 -0.0300361
3.5 -0.0302124
3.55 -0.0296828
3.6 -0.0284664
3.65 -0.0265943
3.7 -0.0241095
3.75 -0.0210661
3.8 -0.0175279
3.85 -0.0135681
3.9 -0.00926753
3.95 -0.00471386
4 0
4.05 0.00477714
4.1 0.00951818
4.15 0.0141227
4.2 0.018491
4.25 0.0225252
4.3 0.0261313
4.35 0.0292204
4.4 0.0317104
4.45 0.0335274
4.5 0.0346069
4.55 0.0348958
4.6 0.0343529
4.65 0.0329507
4.7 0.0306759
4.75 0.0275308
4.8 0.023534
4.85 0.0187208
4.9 0.0131441
4.95 0.00687442
5 -0
5.05 -0.00737296
5.1 -0.0151207
5.15 -0.0231024
5.2 -0.0311607
5.25 -0.0391227
5.3 -0.0468008
5.35 -0.0539944
5.4 -0.0604911
5.45 -0.0660683
5.5 -0.0704956
5.55 -0.0735368
5.6 -0.0749519
5.65 -0.0745002
5.7 -0.0719429
5.75 -0.0670456
5.8 -0.0595821
5.85 -0.0493371
5.9 -0.03611
5.95 -0.019718
6 0
6.05 0.0231799
6.1 0.0499285
6.15 0.0803202
6.2 0.114393
6.25 0.152144
6.3 0.193528
6.35 0.238452
6.4 0.286772
6.45 0.338293
6.5 0.392761
6.55 0.449865
6.6 0.509232
6.65 0.570427
6.7 0.632952
6.75 0.696242
6.8 0.759671
6.85 0.822546
6.9 0.884112
6.95 0.943554
7 1
7.05 1.05252
7.1 1.10015
7.15 1.14186
7.2 1.17661
7.25 1.20332
7.3 1.2209
7.35 1.22825
7.4 1.2243
7.45 1.20798
7.5 1.17828
7.55 1.13426
7.6 1.07505
7.65 0.999881
7.7 0.908148
7.75 0.799389
7.8 0.673345
7.85 0.529985
7.9 0.36955
7.95 0.192587
8 -0
8.05 -0.206906
8.1 -0.426373
8.15 -0.656134
8.2 -0.893352
8.25 -1.13456
8.3 -1.37558
8.35 -1.61148
8.4 -1.83645
8.45 -2.04376
8.5 -2.22565
8.55 -2.37324
8.6 -2.47644
8.65 -2.52383
8.7 -2.50254
8.75 -2.39817
8.8 -2.19461
8.85 -1.87394
8.9 -1.41631
8.95 -0.799741
9 0
9.05 1.00956
9.1 2.2582
9.15 3.77793
9.2 5.60376
9.25 7.77383
9.3 10.3297
9.35 13.3164
9.4 16.7831
9.45 20.7826
9.5 25.3724
9.55 30.6143
9.6 36.5752
9.65 43.3269
9.7 50.9469
9.75 59.5182
9.8 69.1301
9.85 79.8782
9.9 91.8649
9.95 105.2
