-1 10
-0.95 8.6687
-0.9 7.48338
-0.85 6.43087
-0.8 5.49898
-0.75 4.67643
-0.7 3.95277
-0.65 3.31839
-0.6 2.7644
-0.55 2.28265
-0.5 1.86562
-0.45 1.50643
-0.4 1.19879
-0.35 0.936935
-0.3 0.71561
-0.25 0.530034
-0.2 0.375862
-0.15 0.249158
-0.1 0.146365
-0.05 0.0642735
0 -0
0.05 -0.0490407
0.1 -0.085158
0.15 -0.110407
0.2 -0.126612
0.25 -0.13538
0.3 -0.138127
0.35 -0.136089
0.4 -0.130339
0.45 -0.121805
0.5 -0.111282
0.55 -0.0994445
0.6 -0.086859
0.65 -0.0739964
0.7 -0.0612416
0.75 -0.0489034
0.8 -0.037223
0.85 -0.026383
0.9 -0.0165145
0.95 -0.00770396
1 0
1.05 0.0065812
1.1 0.0120505
1.15 0.0164411
1.2 0.0198043
1.25 0.0222053
1.3 0.0237203
1.35 0.0244332
1.4 0.0244328
1.45 0.0238108
1.5 0.0226593
1.55 0.0210694
1.6 0.0191297
1.65 0.0169247
1.7 0.0145345
1.75 0.0120332
1.8 0.00948879
1.85 0.00696257
1.9 0.00450881
1.95 0.00217463
2 -0
2.05 -0.00198226
2.1 -0.00374624
2.15 -0.00527273
2.2 -0.00654889
2.25 -0.00756785
2.3 -0.00832831
2.35 -0.00883405
2.4 -0.00909343
2.45 -0.00911888
2.5 -0.00892639
2.55 -0.00853492
2.6 -0.0079659
2.65 -0.00724269
2.7 -0.00639007
2.75 -0.00543371
2.8 -0.00439972
2.85 -0.00331418
2.9 -0.00220273
2.95 -0.00109014
3 0
3.05 0.00104565
3.1 0.00202658
3.15 0.00292462
3.2 0.00372388
3.25 0.00441089
3.3 0.00497477
3.35 0.00540727
3.4 0.00570286
3.45 0.0058587
3.5 0.00587463
3.55 0.00575314
3.6 0.00549919
3.65 0.00512016
3.7 0.00462567
3.75 0.00402734
3.8 0.00333865
3.85 0.00257467
3.9 0.00175179
3.95 0.000887485
4 -0
4.05 -0.000891934
4.1 -0.0017694
4.15 -0.00261362
4.2 -0.00340623
4.25 -0.00412962
4.3 -0.00476719
4.35 -0.0053037
4.4 -0.00572549
4.45 -0.00602076
4.5 -0.00617981
4.55 -0.00619527
4.6 -0.00606228
4.65 -0.00577866
4.7 -0.00534504
4.75 -0.00476494
4.8 -0.0040449
4.85 -0.00319443
4.9 -0.00222603
4.95 -0.00115513
5 0
5.05 0.00121841
5.1 0.00247667
5.15 0.00374908
5.2 0.00500797
5.25 0.00622407
5.3 0.0073668
5.35 0.0084048
5.4 0.00930632
5.45 0.0100398
5.5 0.0105743
5.55 0.0108804
5.6 0.0109305
5.65 0.0106995
5.7 0.0101658
5.75 0.00931188
5.8 0.00812483
5.85 0.0065974
5.9 0.00472869
5.95 0.00252486
6 -0
6.05 -0.00282319
6.1 -0.00591259
6.15 -0.00922597
6.2 -0.0127103
6.25 -0.0163011
6.3 -0.019922
6.35 -0.0234839
6.4 -0.0268849
6.45 -0.0300099
6.5 -0.0327301
6.55 -0.0349033
6.6 -0.0363737
6.65 -0.0369721
6.7 -0.0365164
6.75 -0.0348121
6.8 -0.031653
6.85 -0.0268222
6.9 -0.0200935
6.95 -0.0112328
7 0
7.05 0.013849
7.1 0.0305597
7.15 0.0503762
7.2 0.0735382
7.25 0.100277
7.3 0.13081
7.35 0.165342
7.4 0.20405
7.45 0.247087
7.5 0.294571
7.55 0.34658
7.6 0.403142
7.65 0.464231
7.7 0.529753
7.75 0.599542
7.8 0.673345
7.85 0.750812
7.9 0.831486
7.95 0.914787
8 1
8.05 1.08626
8.1 1.17253
8.15 1.25759
8.2 1.34003
8.25 1.4182
8.3 1.49021
8.35 1.55392
8.4 1.60689
8.45 1.64636
8.5 1.66924
8.55 1.67206
8.6 1.65096
8.65 1.60166
8.7 1.5194
8.75 1.39893
8.8 1.23447
8.85 1.01965
8.9 0.747498
8.95 0.410393
9 -0
9.05 -0.492764
9.1 -1.07778
9.15 -1.76577
9.2 -2.56839
9.25 -3.49822
9.3 -4.5689
9.35 -5.79512
9.4 -7.19275
9.45 -8.77886
9.5 -10.5718
9.55 -12.5914
9.6 -14.8587
9.65 -17.3964
9.7 -20.2289
9.75 -23.3821
9.8 -26.8839
9.85 -30.7639
9.9 -35.0537
9.95 -39.7871
