-1 -1
-0.95 -0.866386
-0.9 -0.747498
-0.85 -0.641999
-0.8 -0.548651
-0.75 -0.466311
-0.7 -0.393919
-0.65 -0.330502
-0.6 -0.27516
-0.55 -0.227069
-0.5 -0.185471
-0.45 -0.149669
-0.4 -0.119029
-0.35 -0.0929698
-0.3 -0.0709625
-0.25 -0.0525258
-0.2 -0.037223
-0.15 -0.0246586
-0.1 -0.0144756
-0.05 -0.00635238
0 0
0.05 0.00484015
0.1 0.00839885
0.15 0.0108813
0.2 0.0124694
0.25 0.0133232
0.3 0.0135834
0.35 0.0133729
0.4 0.0127982
0.45 0.011951
0.5 0.01091
0.55 0.00974177
0.6 0.00850207
0.65 0.00723717
0.7 0.00598479
0.75 0.00477508
0.8 0.00363151
0.85 0.00257176
0.9 0.0016084
0.95 0.00074966
1 -0
1.05 -0.000639264
1.1 -0.00116946
1.15 -0.00159408
1.2 -0.00191836
1.25 -0.0021489
1.3 -0.0022933
1.35 -0.00235992
1.4 -0.00235756
1.45 -0.00229523
1.5 -0.00218201
1.55 -0.00202681
1.6 -0.00183828
1.65 -0.00162467
1.7 -0.00139372
1.75 -0.0011526
1.8 -0.000907878
1.85 -0.00066542
1.9 -0.000430418
1.95 -0.000207353
2 0
2.05 0.00018856
2.1 0.000355923
2.15 0.000500332
2.2 0.000620646
2.25 0.000716299
2.3 0.000787253
2.35 0.000833958
2.4 0.000857293
2.45 0.000858521
2.5 0.000839233
2.55 0.000801297
2.6 0.000746803
2.65 0.000678012
2.7 0.000597308
2.75 0.000507146
2.8 0.00041001
2.85 0.000308366
2.9 0.000204625
2.95 0.000101106
3 -0
3.05 -9.66568e-05
3.1 -0.00018701
3.15 -0.00026941
3.2 -0.000342426
3.25 -0.000404865
3.3 -0.000455778
3.35 -0.000494471
3.4 -0.000520499
3.45 -0.000533675
3.5 -0.000534058
3.55 -0.000521946
3.6 -0.000497869
3.65 -0.000462569
3.7 -0.000416989
3.75 -0.000362247
3.8 -0.000299622
3.85 -0.000230526
3.9 -0.000156478
3.95 -7.90829e-05
4 0
4.05 7.90829e-05
4.1 0.000156478
4.15 0.000230526
4.2 0.000299622
4.25 0.000362247
4.3 0.000416989
4.35 0.000462569
4.4 0.000497869
4.45 0.000521946
4.5 0.000534058
4.55 0.000533675
4.6 0.000520499
4.65 0.000494471
4.7 0.000455778
4.75 0.000404865
4.8 0.000342426
4.85 0.00026941
4.9 0.00018701
4.95 9.66568e-05
5 -0
5.05 -0.000101106
5.1 -0.000204625
5.15 -0.000308366
5.2 -0.00041001
5.25 -0.000507146
5.3 -0.000597308
5.35 -0.000678012
5.4 -0.000746803
5.45 -0.000801297
5.5 -0.000839233
5.55 -0.000858521
5.6 -0.000857293
5.65 -0.000833958
5.7 -0.000787253
5.75 -0.000716299
5.8 -0.000620646
5.85 -0.000500332
5.9 -0.000355923
5.95 -0.00018856
6 0
6.05 0.000207353
6.1 0.000430418
6.15 0.00066542
6.2 0.000907878
6.25 0.0011526
6.3 0.00139372
6.35 0.00162467
6.4 0.00183828
6.45 0.00202681
6.5 0.00218201
6.55 0.00229523
6.6 0.00235756
6.65 0.00235992
6.7 0.0022933
6.75 0.0021489
6.8 0.00191836
6.85 0.00159408
6.9 0.00116946
6.95 0.000639264
7 -0
7.05 -0.00074966
7.1 -0.0016084
7.15 -0.00257176
7.2 -0.00363151
7.25 -0.00477508
7.3 -0.00598479
7.35 -0.00723717
7.4 -0.00850207
7.45 -0.00974177
7.5 -0.01091
7.55 -0.011951
7.6 -0.0127982
7.65 -0.0133729
7.7 -0.0135834
7.75 -0.0133232
7.8 -0.0124694
7.85 -0.0108813
7.9 -0.00839885
7.95 -0.00484015
8 0
8.05 0.00635238
8.1 0.0144756
8.15 0.0246586
8.2 0.037223
8.25 0.0525258
8.3 0.0709625
8.35 0.0929698
8.4 0.119029
8.45 0.149669
8.5 0.185471
8.55 0.227069
8.6 0.27516
8.65 0.330502
8.7 0.393919
8.75 0.466311
8.8 0.548651
8.85 0.641999
8.9 0.747498
8.95 0.866386
9 1
9.05 1.14978
9.1 1.31728
9.15 1.50418
9.2 1.71226
9.25 1.94346
9.3 2.19984
9.35 2.48362
9.4 2.79718
9.45 3.14305
9.5 3.52394
9.55 3.94275
9.6 4.40257
9.65 4.90668
9.7 5.45859
9.75 6.06204
9.8 6.72098
9.85 7.43963
9.9 8.22248
9.95 9.07425
