   0.0000000e+00   6.0964337e-01
   5.9833333e+00   6.6544955e-01
   1.1833333e+01   7.9210377e-01
   1.7783333e+01   1.0000000e+00
   2.3950000e+01   1.2074710e+00
   2.9716667e+01   1.4369020e+00
   3.6033333e+01   1.7343868e+00
   4.1883333e+01   1.9796330e+00
   4.8016667e+01   2.2337593e+00
   5.3933333e+01   2.5018941e+00
   5.9900000e+01   2.7776281e+00
   6.5133333e+01   3.0917944e+00
   7.1750000e+01   3.3389062e+00
   7.7683333e+01   3.8722180e+00
   8.3900000e+01   4.1243150e+00
   8.9933333e+01   4.1345158e+00
