0 1
0.030303 0.957991
0.0606061 0.916046
0.0909091 0.87423
0.121212 0.832608
0.151515 0.791244
0.181818 0.750203
0.212121 0.709549
0.242424 0.669347
0.272727 0.629662
0.30303 0.590558
0.333333 0.552099
0.363636 0.51435
0.393939 0.477376
0.424242 0.441241
0.454545 0.406011
0.484848 0.371748
0.515152 0.338518
0.545455 0.306386
0.575758 0.275416
0.606061 0.245673
0.636364 0.21722
0.666667 0.190123
0.69697 0.164447
0.727273 0.140255
0.757576 0.117613
0.787879 0.0965849
0.818182 0.0772352
0.848485 0.0596284
0.878788 0.0438293
0.909091 0.0299023
0.939394 0.0179121
0.969697 0.00792312
1 0
1.0303 -0.00582111
1.06061 -0.00961757
1.09091 -0.0114951
1.12121 -0.0115595
1.15152 -0.00991643
1.18182 -0.00667168
1.21212 -0.00193097
1.24242 0.00419994
1.27273 0.0116153
1.30303 0.0202094
1.33333 0.0298765
1.36364 0.0405109
1.39394 0.0520068
1.42424 0.0642584
1.45455 0.07716
1.48485 0.090606
1.51515 0.10449
1.54545 0.118708
1.57576 0.133152
1.60606 0.147718
1.63636 0.162299
1.66667 0.17679
1.69697 0.191085
1.72727 0.205079
1.75758 0.218665
1.78788 0.231738
1.81818 0.244192
1.84848 0.255922
1.87879 0.266821
1.90909 0.276784
1.93939 0.285706
1.9697 0.29348
2 0.3
2.0303 0.305186
2.06061 0.309054
2.09091 0.311645
2.12121 0.313001
2.15152 0.313163
2.18182 0.312171
2.21212 0.310068
2.24242 0.306894
2.27273 0.30269
2.30303 0.297497
2.33333 0.291358
2.36364 0.284313
2.39394 0.276402
2.42424 0.267668
2.45455 0.258152
2.48485 0.247894
2.51515 0.236936
2.54545 0.225319
2.57576 0.213085
2.60606 0.200274
2.63636 0.186927
2.66667 0.173086
2.69697 0.158793
2.72727 0.144087
2.75758 0.129011
2.78788 0.113605
2.81818 0.0979113
2.84848 0.0819703
2.87879 0.0658233
2.90909 0.0495116
2.93939 0.0330764
2.9697 0.0165588
3 0
