-1  54.75  
-0.95  47.3205  
-0.9  40.7032  
-0.85  34.8254  
-0.8  29.6199  
-0.75  25.0242  
-0.7  20.9806  
-0.65  17.4358  
-0.6  14.3407  
-0.55  11.6499  
-0.5  9.32182  
-0.45  7.31819  
-0.4  5.60395  
-0.35  4.14705  
-0.3  2.9182  
-0.25  1.89071  
-0.2  1.04032  
-0.15  0.345027  
-0.1  -0.215102  
-0.05  -0.658048  
0  -1  
0.05  -1.25548  
0.1  -1.4375  
0.15  -1.55763  
0.2  -1.62616  
0.25  -1.65218  
0.3  -1.64372  
0.35  -1.60777  
0.4  -1.55044  
0.45  -1.47701  
0.5  -1.39201  
0.55  -1.29931  
0.6  -1.20215  
0.65  -1.10325  
0.7  -1.00481  
0.75  -0.90864  
0.8  -0.816134  
0.85  -0.728365  
0.9  -0.646109  
0.95  -0.569887  
1  -0.5  
1.05  -0.436564  
1.1  -0.379535  
1.15  -0.328742  
1.2  -0.283906  
1.25  -0.244665  
1.3  -0.210591  
1.35  -0.181212  
1.4  -0.156021  
1.45  -0.134495  
1.5  -0.116104  
1.55  -0.100323  
1.6  -0.0866391  
1.65  -0.0745589  
1.7  -0.0636157  
1.75  -0.0533738  
1.8  -0.0434322  
1.85  -0.0334274  
1.9  -0.0230356  
1.95  -0.0119737  
2  0  
2.05  0.0130864  
2.1  0.0274461  
2.15  0.0432005  
2.2  0.0604338  
2.25  0.0791946  
2.3  0.0994985  
2.35  0.121331  
2.4  0.144649  
2.45  0.169385  
2.5  0.19545  
2.55  0.222736  
2.6  0.251118  
2.65  0.280462  
2.7  0.310619  
2.75  0.341439  
2.8  0.372764  
2.85  0.404436  
2.9  0.4363  
2.95  0.468203  
3  0.5  
3.05  0.531552  
3.1  0.562731  
3.15  0.593421  
3.2  0.623519  
3.25  0.652936  
3.3  0.681597  
3.35  0.709444  
3.4  0.736435  
3.45  0.762545  
3.5  0.787766  
3.55  0.812104  
3.6  0.835583  
3.65  0.858243  
3.7  0.880137  
3.75  0.901333  
3.8  0.92191  
3.85  0.94196  
3.9  0.961584  
3.95  0.980892  
4  1  
4.05  1.01903  
4.1  1.0381  
4.15  1.05735  
4.2  1.07689  
4.25  1.09684  
4.3  1.11734  
4.35  1.13847  
4.4  1.16036  
4.45  1.18309  
4.5  1.20674  
4.55  1.23138  
4.6  1.25706  
4.65  1.28381  
4.7  1.31166  
4.75  1.34059  
4.8  1.37058  
4.85  1.4016  
4.9  1.43357  
4.95  1.46641  
5  1.5  
5.05  1.53422  
5.1  1.5689  
5.15  1.60388  
5.2  1.63895  
5.25  1.6739  
5.3  1.7085  
5.35  1.74249  
5.4  1.77561  
5.45  1.80759  
5.5  1.83812  
5.55  1.86692  
5.6  1.89369  
5.65  1.91813  
5.7  1.93993  
5.75  1.95881  
5.8  1.97448  
5.85  1.98667  
5.9  1.99514  
5.95  1.99965  
6  2  
6.05  1.99603  
6.1  1.98759  
6.15  1.9746  
6.2  1.95701  
6.25  1.93482  
6.3  1.90809  
6.35  1.87694  
6.4  1.84153  
6.45  1.80213  
6.5  1.75905  
6.55  1.71267  
6.6  1.66346  
6.65  1.61197  
6.7  1.55881  
6.75  1.5047  
6.8  1.45041  
6.85  1.39682  
6.9  1.34486  
6.95  1.29556  
7  1.25  
7.05  1.20935  
7.1  1.17481  
7.15  1.14767  
7.2  1.12924  
7.25  1.12085  
7.3  1.12388  
7.35  1.13969  
7.4  1.16963  
7.45  1.21503  
7.5  1.27715  
7.55  1.35717  
7.6  1.45619  
7.65  1.57515  
7.7  1.71481  
7.75  1.87576  
7.8  2.05832  
7.85  2.26252  
7.9  2.48806  
7.95  2.73427  
8  3  
8.05  3.28363  
8.1  3.58297  
8.15  3.89517  
8.2  4.21669  
8.25  4.5432  
8.3  4.86948  
8.35  5.18935  
8.4  5.49556  
8.45  5.7797  
8.5  6.03206  
8.55  6.24155  
8.6  6.39555  
8.65  6.47979  
8.7  6.47818  
8.75  6.37271  
8.8  6.14326  
8.85  5.76743  
8.9  5.22039  
8.95  4.47468  
9  3.5  
9.05  2.26304  
9.1  0.72725  
9.15  -1.14742  
9.2  -3.40469  
9.25  -6.09228  
9.3  -9.2621  
9.35  -12.9706  
9.4  -17.2789  
9.45  -22.2533  
9.5  -27.9655  
9.55  -34.4929  
9.6  -41.919  
9.65  -50.3336  
9.7  -59.8336  
9.75  -70.5227  
9.8  -82.5126  
9.85  -95.9227  
9.9  -110.881  
9.95  -127.525  
