-1  10  -45  120  -210  252  -210  120  -45  10  -1  
-0.95  9.07425  -39.7871  105.2  -183.323  219.432  -182.553  104.191  -39.0364  8.6687  -0.866386  
-0.9  8.22248  -35.0537  91.8649  -159.39  190.292  -158.039  90.0897  -33.7226  7.48338  -0.747498  
-0.85  7.43963  -30.7639  79.8782  -137.971  164.286  -136.203  77.546  -29.0004  6.43087  -0.641999  
-0.8  6.72098  -26.8839  69.1301  -118.855  141.141  -116.806  66.4191  -24.8159  5.49898  -0.548651  
-0.75  6.06204  -23.3821  59.5182  -101.842  120.603  -99.6283  56.579  -21.1194  4.67643  -0.466311  
-0.7  5.45859  -20.2289  50.9469  -86.7473  102.436  -84.4645  47.9053  -17.8645  3.95277  -0.393919  
-0.65  4.90668  -17.3964  43.3269  -73.3985  86.4208  -71.1251  40.2864  -15.0087  3.31839  -0.330502  
-0.6  4.40257  -14.8587  36.5752  -61.6359  72.3552  -59.4346  33.6196  -12.5126  2.7644  -0.27516  
-0.55  3.94275  -12.5914  30.6143  -51.3113  60.0511  -49.2311  27.8099  -10.3399  2.28265  -0.227069  
-0.5  3.52394  -10.5718  25.3724  -42.2873  49.3352  -40.3651  22.7701  -8.45746  1.86562  -0.185471  
-0.45  3.14305  -8.77886  20.7826  -34.4369  40.0474  -32.6992  18.4197  -6.83455  1.50643  -0.149669  
-0.4  2.79718  -7.19275  16.7831  -27.6427  32.0404  -26.107  14.6852  -5.44316  1.19879  -0.119029  
-0.35  2.48362  -5.79512  13.3164  -21.7966  25.1788  -20.4725  11.499  -4.25764  0.936935  -0.0929698  
-0.3  2.19984  -4.5689  10.3297  -16.7988  19.3381  -15.6894  8.79936  -3.25456  0.71561  -0.0709625  
-0.25  1.94346  -3.49822  7.77383  -12.5577  14.4044  -11.6607  6.53001  -2.41257  0.530034  -0.0525258  
-0.2  1.71226  -2.56839  5.60376  -8.98936  10.2736  -8.29787  4.63967  -1.71226  0.375862  -0.037223  
-0.15  1.50418  -1.76577  3.77793  -6.01671  6.85035  -5.52018  3.08173  -1.13602  0.249158  -0.0246586  
-0.1  1.31728  -1.07778  2.2582  -3.56941  4.04824  -3.25447  1.81396  -0.667918  0.146365  -0.0144756  
-0.05  1.14978  -0.492764  1.00956  -1.58331  1.78855  -1.43438  0.798195  -0.293561  0.0642735  -0.00635238  
0  1  0  -0  0  -0  0  -0  0  -0  0  
0.05  0.866386  0.410393  -0.799741  1.2335  -1.38183  1.10267  -0.611567  0.224388  -0.0490407  0.00484015  
0.1  0.747498  0.747498  -1.41631  2.16517  -2.41499  1.92214  -1.06423  0.389999  -0.085158  0.00839885  
0.15  0.641999  1.01965  -1.87394  2.83831  -3.15163  2.50181  -1.38277  0.506101  -0.110407  0.0108813  
0.2  0.548651  1.23447  -2.19461  3.29191  -3.63843  2.88042  -1.5892  0.580925  -0.126612  0.0124694  
0.25  0.466311  1.39893  -2.39817  3.56092  -3.91701  3.09238  -1.70305  0.621747  -0.13538  0.0133232  
0.3  0.393919  1.5194  -2.50254  3.67658  -4.02436  3.16811  -1.74154  0.634974  -0.138127  0.0135834  
0.35  0.330502  1.60166  -2.52383  3.6667  -3.99318  3.13443  -1.71978  0.626214  -0.136089  0.0133729  
0.4  0.27516  1.65096  -2.47644  3.55592  -3.85225  3.0148  -1.65096  0.60035  -0.130339  0.0127982  
0.45  0.227069  1.67206  -2.37324  3.36597  -3.62671  2.82963  -1.54653  0.561607  -0.121805  0.011951  
0.5  0.185471  1.66924  -2.22565  3.11591  -3.33847  2.59659  -1.41632  0.513611  -0.111282  0.01091  
0.55  0.149669  1.64636  -2.04376  2.82233  -3.00639  2.3308  -1.26875  0.459449  -0.0994445  0.00974177  
0.6  0.119029  1.60689  -1.83645  2.49961  -2.64664  2.04513  -1.11094  0.401723  -0.086859  0.00850207  
0.65  0.0929698  1.55392  -1.61148  2.16006  -2.2729  1.7504  -0.948814  0.342597  -0.0739964  0.00723717  
0.7  0.0709625  1.49021  -1.37558  1.81417  -1.89664  1.45556  -0.787283  0.28385  -0.0612416  0.00598479  
0.75  0.0525258  1.4182  -1.13456  1.47072  -1.52729  1.16793  -0.63031  0.226912  -0.0489034  0.00477508  
0.8  0.037223  1.34003  -0.893352  1.13699  -1.17252  0.893352  -0.481036  0.172907  -0.037223  0.00363151  
0.85  0.0246586  1.25759  -0.656134  0.818896  -0.838394  0.636371  -0.341869  0.122692  -0.026383  0.00257176  
0.9  0.0144756  1.17253  -0.426373  0.521123  -0.529528  0.400375  -0.21458  0.076887  -0.0165145  0.0016084  
0.95  0.00635238  1.08626  -0.206906  0.247278  -0.249305  0.187748  -0.10038  0.0359093  -0.00770396  0.00074966  
1  -0  1  0  -0  0  -0  0  -0  0  -0  
1.05  -0.00484015  0.914787  0.192587  -0.218923  0.217068  -0.162114  0.0862426  -0.0307492  0.0065812  -0.000639264  
1.1  -0.00839885  0.831486  0.36955  -0.408449  0.401407  -0.298482  0.158378  -0.056372  0.0120505  -0.00116946  
1.15  -0.0108813  0.750812  0.529985  -0.568182  0.55323  -0.409534  0.216729  -0.0770064  0.0164411  -0.00159408  
1.2  -0.0124694  0.673345  0.673345  -0.698284  0.673345  -0.496149  0.261856  -0.0928752  0.0198043  -0.00191836  
1.25  -0.0133232  0.599542  0.799389  -0.799389  0.763054  -0.559573  0.294512  -0.104268  0.0222053  -0.0021489  
1.3  -0.0135834  0.529753  0.908148  -0.872535  0.82406  -0.601341  0.315598  -0.111527  0.0237203  -0.0022933  
1.35  -0.0133729  0.464231  0.999881  -0.919083  0.858389  -0.623214  0.326126  -0.115031  0.0244332  -0.00235992  
1.4  -0.0127982  0.403142  1.07505  -0.940665  0.868306  -0.62711  0.327188  -0.115183  0.0244328  -0.00235756  
1.45  -0.011951  0.34658  1.13426  -0.939119  0.856256  -0.615057  0.31992  -0.112404  0.0238108  -0.00229523  
1.5  -0.01091  0.294571  1.17828  -0.916443  0.824799  -0.589142  0.305481  -0.107117  0.0226593  -0.00218201  
1.55  -0.00974177  0.247087  1.20798  -0.874744  0.776558  -0.551469  0.285029  -0.0997414  0.0210694  -0.00202681  
1.6  -0.00850207  0.20405  1.2243  -0.816198  0.714174  -0.504123  0.2597  -0.0906887  0.0191297  -0.00183828  
1.65  -0.00723717  0.165342  1.22825  -0.743016  0.640259  -0.449137  0.230591  -0.0803529  0.0169247  -0.00162467  
1.7  -0.00598479  0.13081  1.2209  -0.657406  0.557366  -0.388467  0.198751  -0.0691074  0.0145345  -0.00139372  
1.75  -0.00477508  0.100277  1.20332  -0.561549  0.467958  -0.323971  0.165161  -0.0573009  0.0120332  -0.0011526  
1.8  -0.00363151  0.0735382  1.17661  -0.457571  0.374376  -0.257384  0.130734  -0.0452542  0.00948879  -0.000907878  
1.85  -0.00257176  0.0503762  1.14186  -0.347523  0.278827  -0.19031  0.0963016  -0.0332581  0.00696257  -0.00066542  
1.9  -0.0016084  0.0305597  1.10015  -0.233365  0.183358  -0.12421  0.0626101  -0.0215715  0.00450881  -0.000430418  
1.95  -0.00074966  0.013849  1.05252  -0.116947  0.0898495  -0.0603907  0.0303196  -0.010421  0.00217463  -0.000207353  
2  0  -0  1  0  -0  0  -0  0  -0  0  
2.05  0.000639264  -0.0112328  0.943554  0.115875  -0.084678  0.0559736  -0.0278687  0.00953085  -0.00198226  0.00018856  
2.1  0.00116946  -0.0200935  0.884112  0.229214  -0.162863  0.106703  -0.0528956  0.0180431  -0.00374624  0.000355923  
2.15  0.00159408  -0.0268222  0.822546  0.338695  -0.233425  0.151522  -0.0747769  0.0254396  -0.00527273  0.000500332  
2.2  0.00191836  -0.031653  0.759671  0.443142  -0.295428  0.189918  -0.093293  0.031653  -0.00654889  0.000620646  
2.25  0.0021489  -0.0348121  0.696242  0.541522  -0.348121  0.221532  -0.108304  0.0366443  -0.00756785  0.000716299  
2.3  0.0022933  -0.0365164  0.632952  0.632952  -0.390941  0.246148  -0.119748  0.0404012  -0.00832831  0.000787253  
2.35  0.00235992  -0.0369721  0.570427  0.716691  -0.423499  0.263688  -0.12763  0.0429354  -0.00883405  0.000833958  
2.4  0.00235756  -0.0363737  0.509232  0.792139  -0.445578  0.274202  -0.132023  0.044281  -0.00909343  0.000857293  
2.45  0.00229523  -0.0349033  0.449865  0.858833  -0.457121  0.277858  -0.133059  0.0444921  -0.00911888  0.000858521  
2.5  0.00218201  -0.0327301  0.392761  0.916443  -0.458221  0.274933  -0.13092  0.0436401  -0.00892639  0.000839233  
2.55  0.00202681  -0.0300099  0.338293  0.964762  -0.449113  0.265802  -0.125839  0.0418115  -0.00853492  0.000801297  
2.6  0.00183828  -0.0268849  0.286772  1.0037  -0.430159  0.250926  -0.118083  0.0391053  -0.0079659  0.000746803  
2.65  0.00162467  -0.0234839  0.238452  1.03329  -0.401835  0.230842  -0.107956  0.0356307  -0.00724269  0.000678012  
2.7  0.00139372  -0.019922  0.193528  1.05365  -0.364726  0.206149  -0.0957865  0.0315045  -0.00639007  0.000597308  
2.75  0.0011526  -0.0163011  0.152144  1.06501  -0.319502  0.177501  -0.0819236  0.0268489  -0.00543371  0.000507146  
2.8  0.000907878  -0.0127103  0.114393  1.06766  -0.266916  0.145591  -0.0667291  0.0217891  -0.00439972  0.00041001  
2.85  0.00066542  -0.00922597  0.0803202  1.06201  -0.207785  0.111141  -0.050572  0.0164511  -0.00331418  0.000308366  
2.9  0.000430418  -0.00591259  0.0499285  1.0485  -0.142977  0.0748928  -0.0338225  0.0109599  -0.00220273  0.000204625  
2.95  0.000207353  -0.00282319  0.0231799  1.02764  -0.0734029  0.0375966  -0.0168466  0.00543725  -0.00109014  0.000101106  
3  -0  0  -0  1  0  -0  0  -0  0  -0  
3.05  -0.00018856  0.00252486  -0.019718  0.966182  0.0762775  -0.0371608  0.016376  -0.00524149  0.00104565  -9.66568e-05  
3.1  -0.000355923  0.00472869  -0.03611  0.926823  0.15447  -0.0731702  0.0319594  -0.0101849  0.00202658  -0.00018701  
3.15  -0.000500332  0.0065974  -0.0493371  0.882586  0.233626  -0.107342  0.0464519  -0.0147371  0.00292462  -0.00026941  
3.2  -0.000620646  0.00812483  -0.0595821  0.834149  0.312806  -0.139025  0.0595821  -0.0188154  0.00372388  -0.000342426  
3.25  -0.000716299  0.00931188  -0.0670456  0.782198  0.391099  -0.167614  0.0711089  -0.0223485  0.00441089  -0.000404865  
3.3  -0.000787253  0.0101658  -0.0719429  0.727422  0.467629  -0.192553  0.0808247  -0.0252772  0.00497477  -0.000455778  
3.35  -0.000833958  0.0106995  -0.0745002  0.670502  0.541559  -0.213342  0.0885569  -0.0275549  0.00540727  -0.000494471  
3.4  -0.000857293  0.0109305  -0.0749519  0.612107  0.612107  -0.22954  0.0941703  -0.029148  0.00570286  -0.000520499  
3.45  -0.000858521  0.0108804  -0.0735368  0.552887  0.678544  -0.240774  0.0975684  -0.0300361  0.0058587  -0.000533675  
3.5  -0.000839233  0.0105743  -0.0704956  0.493469  0.740204  -0.246735  0.0986938  -0.0302124  0.00587463  -0.000534058  
3.55  -0.000801297  0.0100398  -0.0660683  0.434449  0.79649  -0.247186  0.0975293  -0.0296828  0.00575314  -0.000521946  
3.6  -0.000746803  0.00930632  -0.0604911  0.376389  0.846875  -0.241964  0.0940972  -0.0284664  0.00549919  -0.000497869  
3.65  -0.000678012  0.0084048  -0.0539944  0.319813  0.890908  -0.230976  0.088459  -0.0265943  0.00512016  -0.000462569  
3.7  -0.000597308  0.0073668  -0.0468008  0.265205  0.928217  -0.214204  0.0807145  -0.0241095  0.00462567  -0.000416989  
3.75  -0.000507146  0.00622407  -0.0391227  0.213001  0.958506  -0.191701  0.0710005  -0.0210661  0.00402734  -0.000362247  
3.8  -0.00041001  0.00500797  -0.0311607  0.163594  0.981563  -0.163594  0.0594887  -0.0175279  0.00333865  -0.000299622  
3.85  -0.000308366  0.00374908  -0.0231024  0.117324  0.997254  -0.130077  0.0463839  -0.0135681  0.00257467  -0.000230526  
3.9  -0.000204625  0.00247667  -0.0151207  0.0744835  1.00553  -0.0914116  0.0319215  -0.00926753  0.00175179  -0.000156478  
3.95  -0.000101106  0.00121841  -0.00737296  0.0353126  1.00641  -0.0479242  0.0163644  -0.00471386  0.000887485  -7.90829e-05  
4  0  -0  0  -0  1  0  -0  0  -0  0  
4.05  9.66568e-05  -0.00115513  0.00687442  -0.0313168  0.986479  0.05192  -0.0168629  0.00477714  -0.000891934  7.90829e-05  
4.1  0.00018701  -0.00222603  0.0131441  -0.0585512  0.966095  0.107344  -0.0338981  0.00951818  -0.0017694  0.000156478  
4.15  0.00026941  -0.00319443  0.0187208  -0.0816662  0.939162  0.165734  -0.0507655  0.0141227  -0.00261362  0.000230526  
4.2  0.000342426  -0.0040449  0.023534  -0.100673  0.906058  0.226515  -0.0671154  0.018491  -0.00340623  0.000299622  
4.25  0.000404865  -0.00476494  0.0275308  -0.115629  0.86722  0.289073  -0.0825924  0.0225252  -0.00412962  0.000362247  
4.3  0.000455778  -0.00534504  0.0306759  -0.126636  0.823136  0.352772  -0.0968395  0.0261313  -0.00476719  0.000416989  
4.35  0.000494471  -0.00577866  0.0329507  -0.133837  0.774341  0.416953  -0.109503  0.0292204  -0.0053037  0.000462569  
4.4  0.000520499  -0.00606228  0.0343529  -0.137412  0.721412  0.480941  -0.120235  0.0317104  -0.00572549  0.000497869  
4.45  0.000533675  -0.00619527  0.0348958  -0.137578  0.664959  0.544058  -0.128702  0.0335274  -0.00602076  0.000521946  
4.5  0.000534058  -0.00617981  0.0346069  -0.134583  0.605621  0.605621  -0.134583  0.0346069  -0.00617981  0.000534058  
4.55  0.000521946  -0.00602076  0.0335274  -0.128702  0.544058  0.664959  -0.137578  0.0348958  -0.00619527  0.000533675  
4.6  0.000497869  -0.00572549  0.0317104  -0.120235  0.480941  0.721412  -0.137412  0.0343529  -0.00606228  0.000520499  
4.65  0.000462569  -0.0053037  0.0292204  -0.109503  0.416953  0.774341  -0.133837  0.0329507  -0.00577866  0.000494471  
4.7  0.000416989  -0.00476719  0.0261313  -0.0968395  0.352772  0.823136  -0.126636  0.0306759  -0.00534504  0.000455778  
4.75  0.000362247  -0.00412962  0.0225252  -0.0825924  0.289073  0.86722  -0.115629  0.0275308  -0.00476494  0.000404865  
4.8  0.000299622  -0.00340623  0.018491  -0.0671154  0.226515  0.906058  -0.100673  0.023534  -0.0040449  0.000342426  
4.85  0.000230526  -0.00261362  0.0141227  -0.0507655  0.165734  0.939162  -0.0816662  0.0187208  -0.00319443  0.00026941  
4.9  0.000156478  -0.0017694  0.00951818  -0.0338981  0.107344  0.966095  -0.0585512  0.0131441  -0.00222603  0.00018701  
4.95  7.90829e-05  -0.000891934  0.00477714  -0.0168629  0.05192  0.986479  -0.0313168  0.00687442  -0.00115513  9.66568e-05  
5  -0  0  -0  0  -0  1  0  -0  0  -0  
5.05  -7.90829e-05  0.000887485  -0.00471386  0.0163644  -0.0479242  1.00641  0.0353126  -0.00737296  0.00121841  -0.000101106  
5.1  -0.000156478  0.00175179  -0.00926753  0.0319215  -0.0914116  1.00553  0.0744835  -0.0151207  0.00247667  -0.000204625  
5.15  -0.000230526  0.00257467  -0.0135681  0.0463839  -0.130077  0.997254  0.117324  -0.0231024  0.00374908  -0.000308366  
5.2  -0.000299622  0.00333865  -0.0175279  0.0594887  -0.163594  0.981563  0.163594  -0.0311607  0.00500797  -0.00041001  
5.25  -0.000362247  0.00402734  -0.0210661  0.0710005  -0.191701  0.958506  0.213001  -0.0391227  0.00622407  -0.000507146  
5.3  -0.000416989  0.00462567  -0.0241095  0.0807145  -0.214204  0.928217  0.265205  -0.0468008  0.0073668  -0.000597308  
5.35  -0.000462569  0.00512016  -0.0265943  0.088459  -0.230976  0.890908  0.319813  -0.0539944  0.0084048  -0.000678012  
5.4  -0.000497869  0.00549919  -0.0284664  0.0940972  -0.241964  0.846875  0.376389  -0.0604911  0.00930632  -0.000746803  
5.45  -0.000521946  0.00575314  -0.0296828  0.0975293  -0.247186  0.79649  0.434449  -0.0660683  0.0100398  -0.000801297  
5.5  -0.000534058  0.00587463  -0.0302124  0.0986938  -0.246735  0.740204  0.493469  -0.0704956  0.0105743  -0.000839233  
5.55  -0.000533675  0.0058587  -0.0300361  0.0975684  -0.240774  0.678544  0.552887  -0.0735368  0.0108804  -0.000858521  
5.6  -0.000520499  0.00570286  -0.029148  0.0941703  -0.22954  0.612107  0.612107  -0.0749519  0.0109305  -0.000857293  
5.65  -0.000494471  0.00540727  -0.0275549  0.0885569  -0.213342  0.541559  0.670502  -0.0745002  0.0106995  -0.000833958  
5.7  -0.000455778  0.00497477  -0.0252772  0.0808247  -0.192553  0.467629  0.727422  -0.0719429  0.0101658  -0.000787253  
5.75  -0.000404865  0.00441089  -0.0223485  0.0711089  -0.167614  0.391099  0.782198  -0.0670456  0.00931188  -0.000716299  
5.8  -0.000342426  0.00372388  -0.0188154  0.0595821  -0.139025  0.312806  0.834149  -0.0595821  0.00812483  -0.000620646  
5.85  -0.00026941  0.00292462  -0.0147371  0.0464519  -0.107342  0.233626  0.882586  -0.0493371  0.0065974  -0.000500332  
5.9  -0.00018701  0.00202658  -0.0101849  0.0319594  -0.0731702  0.15447  0.926823  -0.03611  0.00472869  -0.000355923  
5.95  -9.66568e-05  0.00104565  -0.00524149  0.016376  -0.0371608  0.0762775  0.966182  -0.019718  0.00252486  -0.00018856  
6  0  -0  0  -0  0  -0  1  0  -0  0  
6.05  0.000101106  -0.00109014  0.00543725  -0.0168466  0.0375966  -0.0734029  1.02764  0.0231799  -0.00282319  0.000207353  
6.1  0.000204625  -0.00220273  0.0109599  -0.0338225  0.0748928  -0.142977  1.0485  0.0499285  -0.00591259  0.000430418  
6.15  0.000308366  -0.00331418  0.0164511  -0.050572  0.111141  -0.207785  1.06201  0.0803202  -0.00922597  0.00066542  
6.2  0.00041001  -0.00439972  0.0217891  -0.0667291  0.145591  -0.266916  1.06766  0.114393  -0.0127103  0.000907878  
6.25  0.000507146  -0.00543371  0.0268489  -0.0819236  0.177501  -0.319502  1.06501  0.152144  -0.0163011  0.0011526  
6.3  0.000597308  -0.00639007  0.0315045  -0.0957865  0.206149  -0.364726  1.05365  0.193528  -0.019922  0.00139372  
6.35  0.000678012  -0.00724269  0.0356307  -0.107956  0.230842  -0.401835  1.03329  0.238452  -0.0234839  0.00162467  
6.4  0.000746803  -0.0079659  0.0391053  -0.118083  0.250926  -0.430159  1.0037  0.286772  -0.0268849  0.00183828  
6.45  0.000801297  -0.00853492  0.0418115  -0.125839  0.265802  -0.449113  0.964762  0.338293  -0.0300099  0.00202681  
6.5  0.000839233  -0.00892639  0.0436401  -0.13092  0.274933  -0.458221  0.916443  0.392761  -0.0327301  0.00218201  
6.55  0.000858521  -0.00911888  0.0444921  -0.133059  0.277858  -0.457121  0.858833  0.449865  -0.0349033  0.00229523  
6.6  0.000857293  -0.00909343  0.044281  -0.132023  0.274202  -0.445578  0.792139  0.509232  -0.0363737  0.00235756  
6.65  0.000833958  -0.00883405  0.0429354  -0.12763  0.263688  -0.423499  0.716691  0.570427  -0.0369721  0.00235992  
6.7  0.000787253  -0.00832831  0.0404012  -0.119748  0.246148  -0.390941  0.632952  0.632952  -0.0365164  0.0022933  
6.75  0.000716299  -0.00756785  0.0366443  -0.108304  0.221532  -0.348121  0.541522  0.696242  -0.0348121  0.0021489  
6.8  0.000620646  -0.00654889  0.031653  -0.093293  0.189918  -0.295428  0.443142  0.759671  -0.031653  0.00191836  
6.85  0.000500332  -0.00527273  0.0254396  -0.0747769  0.151522  -0.233425  0.338695  0.822546  -0.0268222  0.00159408  
6.9  0.000355923  -0.00374624  0.0180431  -0.0528956  0.106703  -0.162863  0.229214  0.884112  -0.0200935  0.00116946  
6.95  0.00018856  -0.00198226  0.00953085  -0.0278687  0.0559736  -0.084678  0.115875  0.943554  -0.0112328  0.000639264  
7  -0  0  -0  0  -0  0  -0  1  0  -0  
7.05  -0.000207353  0.00217463  -0.010421  0.0303196  -0.0603907  0.0898495  -0.116947  1.05252  0.013849  -0.00074966  
7.1  -0.000430418  0.00450881  -0.0215715  0.0626101  -0.12421  0.183358  -0.233365  1.10015  0.0305597  -0.0016084  
7.15  -0.00066542  0.00696257  -0.0332581  0.0963016  -0.19031  0.278827  -0.347523  1.14186  0.0503762  -0.00257176  
7.2  -0.000907878  0.00948879  -0.0452542  0.130734  -0.257384  0.374376  -0.457571  1.17661  0.0735382  -0.00363151  
7.25  -0.0011526  0.0120332  -0.0573009  0.165161  -0.323971  0.467958  -0.561549  1.20332  0.100277  -0.00477508  
7.3  -0.00139372  0.0145345  -0.0691074  0.198751  -0.388467  0.557366  -0.657406  1.2209  0.13081  -0.00598479  
7.35  -0.00162467  0.0169247  -0.0803529  0.230591  -0.449137  0.640259  -0.743016  1.22825  0.165342  -0.00723717  
7.4  -0.00183828  0.0191297  -0.0906887  0.2597  -0.504123  0.714174  -0.816198  1.2243  0.20405  -0.00850207  
7.45  -0.00202681  0.0210694  -0.0997414  0.285029  -0.551469  0.776558  -0.874744  1.20798  0.247087  -0.00974177  
7.5  -0.00218201  0.0226593  -0.107117  0.305481  -0.589142  0.824799  -0.916443  1.17828  0.294571  -0.01091  
7.55  -0.00229523  0.0238108  -0.112404  0.31992  -0.615057  0.856256  -0.939119  1.13426  0.34658  -0.011951  
7.6  -0.00235756  0.0244328  -0.115183  0.327188  -0.62711  0.868306  -0.940665  1.07505  0.403142  -0.0127982  
7.65  -0.00235992  0.0244332  -0.115031  0.326126  -0.623214  0.858389  -0.919083  0.999881  0.464231  -0.0133729  
7.7  -0.0022933  0.0237203  -0.111527  0.315598  -0.601341  0.82406  -0.872535  0.908148  0.529753  -0.0135834  
7.75  -0.0021489  0.0222053  -0.104268  0.294512  -0.559573  0.763054  -0.799389  0.799389  0.599542  -0.0133232  
7.8  -0.00191836  0.0198043  -0.0928752  0.261856  -0.496149  0.673345  -0.698284  0.673345  0.673345  -0.0124694  
7.85  -0.00159408  0.0164411  -0.0770064  0.216729  -0.409534  0.55323  -0.568182  0.529985  0.750812  -0.0108813  
7.9  -0.00116946  0.0120505  -0.056372  0.158378  -0.298482  0.401407  -0.408449  0.36955  0.831486  -0.00839885  
7.95  -0.000639264  0.0065812  -0.0307492  0.0862426  -0.162114  0.217068  -0.218923  0.192587  0.914787  -0.00484015  
8  0  -0  0  -0  0  -0  0  -0  1  0  
8.05  0.00074966  -0.00770396  0.0359093  -0.10038  0.187748  -0.249305  0.247278  -0.206906  1.08626  0.00635238  
8.1  0.0016084  -0.0165145  0.076887  -0.21458  0.400375  -0.529528  0.521123  -0.426373  1.17253  0.0144756  
8.15  0.00257176  -0.026383  0.122692  -0.341869  0.636371  -0.838394  0.818896  -0.656134  1.25759  0.0246586  
8.2  0.00363151  -0.037223  0.172907  -0.481036  0.893352  -1.17252  1.13699  -0.893352  1.34003  0.037223  
8.25  0.00477508  -0.0489034  0.226912  -0.63031  1.16793  -1.52729  1.47072  -1.13456  1.4182  0.0525258  
8.3  0.00598479  -0.0612416  0.28385  -0.787283  1.45556  -1.89664  1.81417  -1.37558  1.49021  0.0709625  
8.35  0.00723717  -0.0739964  0.342597  -0.948814  1.7504  -2.2729  2.16006  -1.61148  1.55392  0.0929698  
8.4  0.00850207  -0.086859  0.401723  -1.11094  2.04513  -2.64664  2.49961  -1.83645  1.60689  0.119029  
8.45  0.00974177  -0.0994445  0.459449  -1.26875  2.3308  -3.00639  2.82233  -2.04376  1.64636  0.149669  
8.5  0.01091  -0.111282  0.513611  -1.41632  2.59659  -3.33847  3.11591  -2.22565  1.66924  0.185471  
8.55  0.011951  -0.121805  0.561607  -1.54653  2.82963  -3.62671  3.36597  -2.37324  1.67206  0.227069  
8.6  0.0127982  -0.130339  0.60035  -1.65096  3.0148  -3.85225  3.55592  -2.47644  1.65096  0.27516  
8.65  0.0133729  -0.136089  0.626214  -1.71978  3.13443  -3.99318  3.6667  -2.52383  1.60166  0.330502  
8.7  0.0135834  -0.138127  0.634974  -1.74154  3.16811  -4.02436  3.67658  -2.50254  1.5194  0.393919  
8.75  0.0133232  -0.13538  0.621747  -1.70305  3.09238  -3.91701  3.56092  -2.39817  1.39893  0.466311  
8.8  0.0124694  -0.126612  0.580925  -1.5892  2.88042  -3.63843  3.29191  -2.19461  1.23447  0.548651  
8.85  0.0108813  -0.110407  0.506101  -1.38277  2.50181  -3.15163  2.83831  -1.87394  1.01965  0.641999  
8.9  0.00839885  -0.085158  0.389999  -1.06423  1.92214  -2.41499  2.16517  -1.41631  0.747498  0.747498  
8.95  0.00484015  -0.0490407  0.224388  -0.611567  1.10267  -1.38183  1.2335  -0.799741  0.410393  0.866386  
9  -0  0  -0  0  -0  0  -0  0  -0  1  
9.05  -0.00635238  0.0642735  -0.293561  0.798195  -1.43438  1.78855  -1.58331  1.00956  -0.492764  1.14978  
9.1  -0.0144756  0.146365  -0.667918  1.81396  -3.25447  4.04824  -3.56941  2.2582  -1.07778  1.31728  
9.15  -0.0246586  0.249158  -1.13602  3.08173  -5.52018  6.85035  -6.01671  3.77793  -1.76577  1.50418  
9.2  -0.037223  0.375862  -1.71226  4.63967  -8.29787  10.2736  -8.98936  5.60376  -2.56839  1.71226  
9.25  -0.0525258  0.530034  -2.41257  6.53001  -11.6607  14.4044  -12.5577  7.77383  -3.49822  1.94346  
9.3  -0.0709625  0.71561  -3.25456  8.79936  -15.6894  19.3381  -16.7988  10.3297  -4.5689  2.19984  
9.35  -0.0929698  0.936935  -4.25764  11.499  -20.4725  25.1788  -21.7966  13.3164  -5.79512  2.48362  
9.4  -0.119029  1.19879  -5.44316  14.6852  -26.107  32.0404  -27.6427  16.7831  -7.19275  2.79718  
9.45  -0.149669  1.50643  -6.83455  18.4197  -32.6992  40.0474  -34.4369  20.7826  -8.77886  3.14305  
9.5  -0.185471  1.86562  -8.45746  22.7701  -40.3651  49.3352  -42.2873  25.3724  -10.5718  3.52394  
9.55  -0.227069  2.28265  -10.3399  27.8099  -49.2311  60.0511  -51.3113  30.6143  -12.5914  3.94275  
9.6  -0.27516  2.7644  -12.5126  33.6196  -59.4346  72.3552  -61.6359  36.5752  -14.8587  4.40257  
9.65  -0.330502  3.31839  -15.0087  40.2864  -71.1251  86.4208  -73.3985  43.3269  -17.3964  4.90668  
9.7  -0.393919  3.95277  -17.8645  47.9053  -84.4645  102.436  -86.7473  50.9469  -20.2289  5.45859  
9.75  -0.466311  4.67643  -21.1194  56.579  -99.6283  120.603  -101.842  59.5182  -23.3821  6.06204  
9.8  -0.548651  5.49898  -24.8159  66.4191  -116.806  141.141  -118.855  69.1301  -26.8839  6.72098  
9.85  -0.641999  6.43087  -29.0004  77.546  -136.203  164.286  -137.971  79.8782  -30.7639  7.43963  
9.9  -0.747498  7.48338  -33.7226  90.0897  -158.039  190.292  -159.39  91.8649  -35.0537  8.22248  
9.95  -0.866386  8.6687  -39.0364  104.191  -182.553  219.432  -183.323  105.2  -39.7871  9.07425  
